%YAML:1.0
---
camera_matrix: !!opencv-matrix
   rows: 3
   cols: 3
   dt: d
   data: [ 4.4526621827452200e+03, 0., 3.0578051348631611e+03, 0.,
       4.4403267609397653e+03, 1.9214021290026644e+03, 0., 0., 1. ]
dist_coeff: !!opencv-matrix
   rows: 1
   cols: 5
   dt: d
   data: [ -8.1523479098311244e-02, 2.0945924060859114e-01,
       -6.9793398254410048e-03, 3.3719250921663549e-03,
       -3.0732796569872406e-01 ]
