%YAML:1.0
---
camera_matrix: !!opencv-matrix
   rows: 3
   cols: 3
   dt: d
   data: [ 6.0148427074587325e+03, 0., 2.9609505612135063e+03, 0.,
       4.2652332995793959e+03, 1.9662746339682224e+03, 0., 0., 1. ]
dist_coeff: !!opencv-matrix
   rows: 1
   cols: 5
   dt: d
   data: [ -7.3949547808546262e-02, -7.3611219619735352e-02,
       9.4416399707906301e-02, -1.1562771253320985e-02,
       5.4157777120846329e-01 ]
