%YAML:1.0
---
camera_matrix: !!opencv-matrix
   rows: 3
   cols: 3
   dt: d
   data: [ 8.6574740538666583e+02, 0., 6.3764350955748478e+02, 0.,
       8.8761741049105751e+02, 4.9332301791000600e+02, 0., 0., 1. ]
dist_coeff: !!opencv-matrix
   rows: 1
   cols: 5
   dt: d
   data: [ -5.0475306068236407e-02, 9.5161662170830483e-02,
       3.4399655023306726e-02, -4.4452529241161831e-03,
       -1.2989485106590018e-01 ]
