%YAML:1.0
---
camera_matrix: !!opencv-matrix
   rows: 3
   cols: 3
   dt: d
   data: [ 5.4064527543845370e+03, 0., 2.9959312555640699e+03, 0.,
       5.4550672282702690e+03, 1.0865825744700946e+03, 0., 0., 1. ]
dist_coeff: !!opencv-matrix
   rows: 1
   cols: 5
   dt: d
   data: [ -1.5913256276604792e-02, -1.8465439477470824e+00,
       -2.7022860919983717e-02, 5.1338299796451735e-03,
       7.6715784589658735e+00 ]
